 72.06083  -49.65975  0.00000  0.00000  0.00000  -12.12693  -10.27415  0.00000  0.00000  0.00000  0.00000  0.00000  0.00000  0.00000  0.00000  0.00000  0.00000
 -49.65975  134.73472  -33.18441  0.00000  0.00000  0.00000  -42.47608  -9.41448  0.00000  0.00000  0.00000  0.00000  0.00000  0.00000  0.00000  0.00000  0.00000
 0.00000  -33.18441  156.20443  -49.65975  0.00000  0.00000  0.00000  -80.62533  7.26506  0.00000  0.00000  0.00000  0.00000  0.00000  0.00000  0.00000  0.00000
 0.00000  0.00000  -49.65975  175.15025  -72.95898  0.00000  0.00000  0.00000  -60.29793  7.76641  0.00000  0.00000  0.00000  0.00000  0.00000  0.00000  0.00000
 0.00000  0.00000  0.00000  -72.95898  91.59845  0.00000  0.00000  0.00000  0.00000  -18.63947  0.00000  0.00000  0.00000  0.00000  0.00000  0.00000  0.00000
 -12.12693  0.00000  0.00000  0.00000  0.00000  90.29231  -23.46863  0.00000  0.00000  0.00000  -33.75000  -20.94675  0.00000  0.00000  0.00000  0.00000  0.00000
 -10.27415  -42.47608  0.00000  0.00000  0.00000  -23.46863  193.18824  -16.89559  0.00000  0.00000  0.00000  -79.62867  -20.44511  0.00000  0.00000  0.00000  0.00000
 0.00000  -9.41448  -80.62533  0.00000  0.00000  0.00000  -16.89559  264.01826  -50.25435  0.00000  0.00000  0.00000  -125.56265  18.73414  0.00000  0.00000  0.00000
 0.00000  0.00000  7.26506  -60.29793  0.00000  0.00000  0.00000  -50.25435  261.91192  -59.55019  0.00000  0.00000  0.00000  -118.66862  19.59410  0.00000  0.00000
 0.00000  0.00000  0.00000  7.76641  -18.63947  0.00000  0.00000  0.00000  -59.55019  121.73838  0.00000  0.00000  0.00000  0.00000  -51.31513  0.00000  0.00000
 0.00000  0.00000  0.00000  0.00000  0.00000  0.00000  0.00000  0.00000  0.00000  0.00000  1.00000  0.00000  0.00000  0.00000  0.00000  0.00000  0.00000
 0.00000  0.00000  0.00000  0.00000  0.00000  -20.94675  -79.62867  0.00000  0.00000  0.00000  4.50000  112.21152  6.36390  0.00000  0.00000  -22.50000  0.00000
 0.00000  0.00000  0.00000  0.00000  0.00000  0.00000  -20.44511  -125.56265  0.00000  0.00000  0.00000  6.36390  146.39385  -6.75000  0.00000  0.00000  0.00000
 0.00000  0.00000  0.00000  0.00000  0.00000  0.00000  0.00000  18.73414  -118.66862  0.00000  0.00000  0.00000  -6.75000  137.25252  -8.06805  0.00000  -22.50000
 0.00000  0.00000  0.00000  0.00000  0.00000  0.00000  0.00000  0.00000  0.00000  0.00000  0.00000  0.00000  0.00000  0.00000  1.00000  0.00000  0.00000
 0.00000  0.00000  0.00000  0.00000  0.00000  0.00000  0.00000  0.00000  0.00000  0.00000  0.00000  0.00000  0.00000  0.00000  0.00000  1.00000  0.00000
 0.00000  0.00000  0.00000  0.00000  0.00000  0.00000  0.00000  0.00000  0.00000  0.00000  0.00000  0.00000  0.00000  0.00000  0.00000  0.00000  1.00000
